%YAML:1.0
---
model_type: PINHOLE
camera_name: camera
image_width: 640
image_height: 480
distortion_parameters:
   k1: 0
   k2: 0
   p1: 0
   p2: 0
projection_parameters:
   fx: 376.77985743391537
   fy: 377.46373696662926
   cx: 319.1121466819525
   cy: 235.6501025502023
