%YAML:1.0
---
model_type: PINHOLE
camera_name: camera
image_width: 640
image_height: 480
distortion_parameters:
   k1: 0
   k2: 0
   p1: 0
   p2: 0
projection_parameters:
   fx: 376.73047140477627
   fy: 377.4612496416869
   cx: 319.3569304002505
   cy: 235.46247189448758
